1 4 2 5 
1 3 3 
2 1 
3 

C1: 1 2 3 
C2: 4 5 

C1: 1 2 3 
C2: 5 4 

C1: 1 2 4 
C2: 3 5 

C1: 1 2 4 
C2: 5 3 

C1: 1 2 
C2: 5 3 4 

C1: 1 2 
C2: 5 4 3 

C1: 1 3 2 
C2: 4 5 

C1: 1 3 2 
C2: 5 4 

C1: 1 3 
C2: 4 2 
C3: 5 

C1: 1 3 
C2: 4 5 
C3: 2 

C1: 1 3 
C2: 5 2 
C3: 4 

C1: 1 3 
C2: 5 4 
C3: 2 

C1: 1 4 2 
C2: 3 5 

C1: 1 4 2 
C2: 5 3 

C1: 1 4 
C2: 3 2 5 

C1: 1 4 
C2: 3 5 2 

C1: 1 4 
C2: 5 2 3 

C1: 1 4 
C2: 5 3 2 

C1: 1 5 
C2: 2 3 4 

C1: 1 5 
C2: 2 4 3 

C1: 1 5 
C2: 3 2 4 

C1: 1 5 
C2: 3 4 2 

C1: 1 5 
C2: 4 2 3 

C1: 1 5 
C2: 4 3 2 

C1: 2 1 3 
C2: 4 5 

C1: 2 1 3 
C2: 5 4 

C1: 2 1 4 
C2: 3 5 

C1: 2 1 4 
C2: 5 3 

C1: 2 1 
C2: 5 3 4 

C1: 2 1 
C2: 5 4 3 

C1: 2 3 1 
C2: 4 5 

C1: 2 3 1 
C2: 5 4 

C1: 2 3 4 
C2: 1 5 

C1: 2 3 4 
C2: 5 1 

C1: 2 3 5 
C2: 1 4 

C1: 2 3 5 
C2: 4 1 

C1: 2 4 1 
C2: 3 5 

C1: 2 4 1 
C2: 5 3 

C1: 2 4 3 
C2: 1 5 

C1: 2 4 3 
C2: 5 1 

C1: 2 4 
C2: 5 1 
C3: 3 

C1: 2 4 
C2: 5 3 
C3: 1 

C1: 2 5 
C2: 1 3 
C3: 4 

C1: 2 5 
C2: 1 4 
C3: 3 

C1: 2 5 3 
C2: 1 4 

C1: 2 5 3 
C2: 4 1 

C1: 2 5 
C2: 4 1 
C3: 3 

C1: 2 5 
C2: 4 3 
C3: 1 

C1: 3 1 2 
C2: 4 5 

C1: 3 1 2 
C2: 5 4 

C1: 3 1 
C2: 4 2 
C3: 5 

C1: 3 1 
C2: 4 5 
C3: 2 

C1: 3 1 
C2: 5 2 
C3: 4 

C1: 3 1 
C2: 5 4 
C3: 2 

C1: 3 2 1 
C2: 4 5 

C1: 3 2 1 
C2: 5 4 

C1: 3 2 4 
C2: 1 5 

C1: 3 2 4 
C2: 5 1 

C1: 3 2 5 
C2: 1 4 

C1: 3 2 5 
C2: 4 1 

C1: 3 4 
C2: 1 2 
C3: 5 

C1: 3 4 
C2: 1 5 
C3: 2 

C1: 3 4 2 
C2: 1 5 

C1: 3 4 2 
C2: 5 1 

C1: 3 4 5 
C2: 1 2 

C1: 3 4 5 
C2: 2 1 

C1: 3 5 
C2: 1 2 4 

C1: 3 5 
C2: 1 4 2 

C1: 3 5 2 
C2: 1 4 

C1: 3 5 2 
C2: 4 1 

C1: 3 5 4 
C2: 1 2 

C1: 3 5 4 
C2: 2 1 

C1: 4 1 2 
C2: 3 5 

C1: 4 1 2 
C2: 5 3 

C1: 4 1 
C2: 3 2 5 

C1: 4 1 
C2: 3 5 2 

C1: 4 1 
C2: 5 2 3 

C1: 4 1 
C2: 5 3 2 

C1: 4 2 1 
C2: 3 5 

C1: 4 2 1 
C2: 5 3 

C1: 4 2 3 
C2: 1 5 

C1: 4 2 3 
C2: 5 1 

C1: 4 2 
C2: 5 1 
C3: 3 

C1: 4 2 
C2: 5 3 
C3: 1 

C1: 4 3 
C2: 1 2 
C3: 5 

C1: 4 3 
C2: 1 5 
C3: 2 

C1: 4 3 2 
C2: 1 5 

C1: 4 3 2 
C2: 5 1 

C1: 4 3 5 
C2: 1 2 

C1: 4 3 5 
C2: 2 1 

C1: 4 5 
C2: 1 2 3 

C1: 4 5 
C2: 1 3 2 

C1: 4 5 
C2: 2 1 3 

C1: 4 5 
C2: 2 3 1 

C1: 4 5 3 
C2: 1 2 

C1: 4 5 3 
C2: 2 1 

C1: 5 1 
C2: 2 3 4 

C1: 5 1 
C2: 2 4 3 

C1: 5 1 
C2: 3 2 4 

C1: 5 1 
C2: 3 4 2 

C1: 5 1 
C2: 4 2 3 

C1: 5 1 
C2: 4 3 2 

C1: 5 2 
C2: 1 3 
C3: 4 

C1: 5 2 
C2: 1 4 
C3: 3 

C1: 5 2 3 
C2: 1 4 

C1: 5 2 3 
C2: 4 1 

C1: 5 2 
C2: 4 1 
C3: 3 

C1: 5 2 
C2: 4 3 
C3: 1 

C1: 5 3 
C2: 1 2 4 

C1: 5 3 
C2: 1 4 2 

C1: 5 3 2 
C2: 1 4 

C1: 5 3 2 
C2: 4 1 

C1: 5 3 4 
C2: 1 2 

C1: 5 3 4 
C2: 2 1 

C1: 5 4 
C2: 1 2 3 

C1: 5 4 
C2: 1 3 2 

C1: 5 4 
C2: 2 1 3 

C1: 5 4 
C2: 2 3 1 

C1: 5 4 3 
C2: 1 2 

C1: 5 4 3 
C2: 2 1 

C1: 5 4 3 
C2: 2 1 

2 2 2 1 1 1
